35 215 251 222 259 238 272 246 285 259 297 272 306 286 317 303 326 319 333 337 339 354 342 370 344 385 344 399 343 414 341 429 337 446 333 462 326 480 316 496 302 510 287 523 273 535 259 544 245 552 229 559 212 562 194 564 177 564 161 563 145 561 127 559 108 552 90 551 81 539 61 
8 561 339 562 357 561 375 558 396 549 416 538 439 524 457 507 472 
4 332 425 340 441 349 458 360 472 
21 132 284 146 298 158 313 166 327 172 342 174 356 174 371 172 385 166 401 158 413 147 424 135 432 120 438 106 441 91 442 77 441 62 439 49 436 34 429 20 421 6 410 
18 30 321 44 309 62 293 78 275 94 254 106 235 114 207 118 189 119 177 117 156 111 137 102 120 92 110 76 93 54 85 40 79 24 76 7 74 
5 60 194 48 204 34 213 19 221 6 233 
6 267 94 277 79 302 49 321 34 339 19 355 6 
15 597 256 601 240 605 222 609 208 611 189 613 176 613 152 610 134 606 118 603 97 594 79 583 57 572 35 557 18 543 5 
32 412 80 409 90 405 103 399 118 390 132 381 144 369 154 354 164 334 171 318 176 303 180 287 183 273 186 259 186 244 186 231 188 217 186 204 185 189 179 175 172 160 161 149 147 143 133 139 119 137 105 139 91 141 76 145 62 150 48 157 32 164 17 173 4 
9 625 357 625 371 624 384 622 399 618 413 614 428 609 441 605 456 597 472 
